52.2326365384188545455,52.5928185202858636364,52.4154545177112909091,52.2271815213290090909,52.4351820512251454545,53.2346361333673727273,53.6975458318537,53.5900910117409454545,53.9198178378018454545,53.9963635531338818182,54.1171809109774636364,54.3447272560813272727,54.3244542208584909091,54.4206362637606454545,54.3630003495649909091,54.2219096097079090909,54.0792735706676181818,East Asia & Pacific,High income
75.4789962768555,75.234001159668,75.0100021362305,74.8140029907227,74.6480026245117,74.4919967651367,74.3619995117188,74.2399978637695,74.120002746582,74.0059967041016,73.9049987792969,73.8050003051758,73.7119979858398,73.6309967041016,73.5749969482422,73.5660018920898,73.5810012817383,East Asia & Pacific,Low income
60.2583847045898538462,60.6570003216083307692,60.2501537616436230769,59.9040770897498615385,59.4249236767108538462,59.1692308279184153846,58.8778464977557923077,58.6331536219670153846,58.0827691004826461538,58.3360768831693230769,58.5693070338322384615,58.6167692037729076923,58.4076923957238,58.0569226191594076923,58.0457688845120923077,58.0840762211726384615,58.1269229008601230769,East Asia & Pacific,Lower middle income
54.903500556945775,54.677500724792475,54.41625022888185,54.153749465942375,53.9179992675781,53.8055009841919,53.25475120544435,53.240250587463375,52.8754997253418,52.57975006103515,52.297999382019025,53.03125,53.1842498779297,53.3394994735718,53.259999275207525,53.20324993133545,53.1224994659424,East Asia & Pacific,Upper middle income
50.5449654151653413793,50.6527584996716724138,50.9751723716998931034,51.3604136499865344828,51.5723103490369172414,51.9422757378939965517,52.3768278976966689655,52.6161033367288517241,52.9672413530020896552,53.1831379594473965517,53.1304138446676310345,53.0033106310614206897,53.307723867482162069,53.3912758662782931034,53.6129314817231310345,53.5538966737944517241,53.5038274567702793103,Europe & Central Asia,High income
53.1481666564941333333,52.6131661732991666667,52.6273333231608166667,51.4845002492269,51.1891663869222166667,51.2600002288818333333,50.48883374532065,50.2981662750244166667,50.1720002492269,49.9905001322428333333,50.0131657918294166667,50.6983331044515,50.24666659037275,50.2124996185302833333,50.3131669362386166667,50.50016593933105,50.6445000966390166667,Europe & Central Asia,Lower middle income
48.1391431263515071429,48.43342890058245,47.9729998452322857143,47.8706432070050857143,47.3778567995343857143,47.2925706590924857143,47.5268573760986214286,47.8359280994960214286,47.8811426162719857143,47.7759998866489928571,47.9075715201241857143,47.9111431666782928571,48.0820717130388571429,48.1631420680454857143,48.1192858559744642857,48.1488571166992071429,48.1513569695608928571,Europe & Central Asia,Upper middle income
50.1821430751255857143,50.6498571123395571429,50.6962863377162571429,51.3882860456194428571,52.0347132001604285714,52.7395717075893,53.0459997994559,53.0938568115234428571,53.5172854832240428571,53.5462853567941,53.9470002310616571429,54.2421428135463428571,53.9697140284946857143,54.0424281529017714286,54.0554280962262714286,53.9752862112862714286,53.9121426173618857143,Latin America & Caribbean,High income
56.851001739502,57.0750007629395,57.3520011901855,57.6730003356934,58.0250015258789,58.398998260498,58.7309989929199,59.056999206543,59.4059982299805,59.7490005493164,60.1570014953613,60.4360008239746,60.7130012512207,60.9850006103516,61.2519989013672,61.5009994506836,61.7560005187988,Latin America & Caribbean,Low income
45.1931999206543,45.1713996887207,44.95400085449218,45.68499984741214,45.86080017089844,46.2094009399414,47.96500015258788,48.11739959716798,48.22360000610352,48.33219985961914,48.3340003967285,48.27920074462892,49.89640045166014,49.34660034179688,49.92259979248046,50.10699920654296,50.30660018920898,Latin America & Caribbean,Lower middle income
46.8731110890706444444,48.0621666378445111111,48.6403889126247777778,48.8936670091417,49.3632778591579944444,49.7157226138644833333,49.9379999372694222222,50.5224997202555222222,50.6759446461995444444,51.0725553300645777778,50.7835555606418222222,50.9266111585829,51.4697221120198666667,51.7553340064154722222,52.1709444257948166667,52.2169445885552333333,52.2768887413872611111,Latin America & Caribbean,Upper middle income
34.223124980926525,34.5577497482299875,34.9793746471405,35.4928750991821125,35.5336251258850125,36.1446247100829875,36.912624835968025,37.78574991226195,38.231375455856325,38.8084993362426875,39.7326252460479625,40.1750001907348625,40.4584994316101,41.027875661849975,41.236999988555925,41.3642497062683125,41.2508752346038875,Middle East & North Africa,High income
22.1937144143240571429,22.0418571744646142857,21.7158572333199857143,22.3192862101963571429,22.7047143663678857143,22.7244285855974571429,22.6787142072405142857,23.0402856554303857143,23.2788573673793285714,22.9955714089529857143,23.0331426348005,23.2402853284563285714,23.4224286760602857143,23.5227142061506142857,23.5385716302054142857,23.6427139554704857143,23.7737144742693428571,Middle East & North Africa,Lower middle income
16.1094999313354666667,16.3068334261576333333,16.7201666831970166667,16.94466654459635,17.1816668510437,17.8469999631245833333,17.9761665662129833333,18.4931664466858,18.22250016530355,18.6328330039978,18.6715000470479166667,18.5278334617614833333,18.9265000025431333333,18.8884998957316166667,18.8201665878296,18.93716684977215,19.0378336906433166667,Middle East & North Africa,Upper middle income
58.86000061035155,58.9049987792969,59.36899948120115,59.81949996948245,59.70749855041505,59.57349967956545,59.79899978637695,60.11349868774415,60.3305015563965,60.0795001983643,59.7095012664795,59.3120002746582,59.16900062561035,58.96299934387205,58.61249923706055,58.49099922180175,58.36100006103515,North America,High income
48.2495002746582,48.2354998588562,48.2609996795654,48.3065004348755,48.3579978942871,48.4110012054443,48.22999954223635,48.07000064849855,47.94899940490725,48.02299976348875,48.16350078582765,48.3625011444092,48.6270008087158,48.94250011444095,49.28650188446045,49.3565015792847,49.4440002441406,South Asia,Low income
38.9362003326416,39.27219924926756,39.6387996673584,40.07100028991698,40.39939994812012,40.75799980163574,40.95840034484864,40.19199981689454,39.643399810791,39.64839897155762,38.5652000427246,38.13360023498534,37.92680015563968,37.06800003051758,36.44880027770996,36.6372001647949,36.81380043029784,South Asia,Lower middle income
37.4550018310547,39.8800010681152,42.4029998779297,45.007999420166,47.6699981689453,50.3639984130859,53.0550003051758,53.5429992675781,54.0639991760254,54.6080017089844,55.1669998168945,55.6269989013672,56.0890007019043,56.5400009155273,56.9599990844727,57.2890014648438,57.5719985961914,South Asia,Upper middle income
66.2346149591299307692,66.5717304669893692308,66.8536541278545730769,67.0875002054067807692,67.3153849381666807692,67.4178851200984115385,67.6656535221980153846,67.9075766343336923077,68.1956537686861615385,68.3639232928936461538,68.5130763420691884615,68.4659611628605846154,68.2760380965012769231,68.6368078085092307692,68.6975385225736192308,68.7302309182974,68.7576156029334461538,Sub-Saharan Africa,Low income
51.7380774571345307692,51.7940000387338461538,51.8425382467416615385,51.8540779994084461538,51.8765379098745615385,51.8630770169771769231,51.7586154937744153846,51.9189227177546692308,52.0514618800236615385,52.3573844616229692308,52.6582311483529923077,52.8893079024094846154,53.1036924215463538462,53.3551540374755846154,53.5087691086989153846,53.6397684537447384615,53.7596152378962538462,Sub-Saharan Africa,Lower middle income
56.4492857796805142857,56.8197135925292714286,56.8491423470633285714,56.7529999869210428571,56.5359998430524571429,57.0802852085658428571,56.9071431841169142857,56.2375728062220857143,56.0787135532924142857,55.4737140110560857143,55.0089999607631,54.9319997514997428571,54.9818567548479285714,55.6637142726353285714,56.0098571777343857143,56.1777147565569,56.3219996861049,Sub-Saharan Africa,Upper middle income
