48.0759090076793272727,48.7260000055486363636,48.6568180431019181818,48.2306365966796909091,48.7771817987615545455,49.5183636058460454545,49.9591810053045181818,50.2470907731489727273,50.6140001470392272727,50.5218179876154181818,50.8069999001242909091,50.6174545288086,50.5066358392889,50.6831817626953,50.6003639914772727273,50.6392721696333545455,50.5350910533558272727,East Asia & Pacific,High income
72.7799987792969,72.5589981079102,72.3300018310547,72.129997253418,71.9660034179688,71.8190002441406,71.6829986572266,71.5790023803711,71.4879989624023,71.3720016479492,71.2969970703125,71.2239990234375,71.1470031738281,71.0820007324219,71.0380020141602,71.0390014648438,71.0660018920898,East Asia & Pacific,Low income
56.1736912360558,56.2638454437255692308,55.8349223503699615385,55.5015389369084461538,55.2270770439734923077,55.1656147883488538462,55.0610760908860461538,54.6102303725022615385,54.4492312211256692308,54.6566148904653692308,54.8503067310039846154,54.9502305250901384615,54.7090005141038307692,54.3793075268085307692,54.4443842080923230769,54.4987696134127,54.5837686978853692308,East Asia & Pacific,Lower middle income
52.43399906158445,52.315500259399425,51.9079999923706,51.696750640869125,52.0027503967285,51.9640016555786,51.23499965667725,51.009750366210925,50.54374980926515,50.168499946594225,49.9962501525879,50.7762508392334,50.95300006866455,51.01649951934815,50.989500045776375,51.027749061584475,50.9689998626709,East Asia & Pacific,Upper middle income
46.0660000505118586207,46.4669311128813551724,46.8273447628678965517,47.0277932265709275862,47.1318967095736862069,47.651620536014962069,48.4494480264597965517,49.1756207696322758621,49.5923793398100724138,48.8469999905290206897,48.2400688960634448276,48.0689311849659827586,48.0268967727134965517,47.9263450359476068966,48.411310327464137931,48.6724483884614172414,48.9425517772806206897,Europe & Central Asia,High income
47.4558327992757,47.1046663920084666667,46.7488333384196,45.9476661682128833333,45.8136660257975166667,46.0633335113525333333,45.4525006612142,45.4534994761149166667,45.3684997558593833333,44.8026676177978666667,44.65350023905435,45.3811670939127833333,45.2508328755696833333,45.2371667226155833333,45.2103328704833833333,45.39766693115235,45.5693321228027333333,Europe & Central Asia,Lower middle income
41.7040714536394428571,41.4609998975481357143,41.6292859486171142857,41.7139286313738214286,41.17457144601005,41.0327855518886,41.3412140437534928571,41.9727854047502785714,42.3575002125331357143,41.9014284951346142857,41.7937853676932071429,41.9335709980555857143,42.1325716291155214286,42.3746427808489,42.5584287643432714286,43.0181424277169428571,43.0580002920968357143,Europe & Central Asia,Upper middle income
44.3485704149518571429,44.6425707680838285714,44.3750000000000142857,44.6212861197335428571,45.7931431361607285714,46.7074279785156285714,47.6781425476074285714,48.0961429050990571429,48.5711430140904142857,47.8088569641113428571,48.2090001787458142857,48.5108571733747,48.4617135184151857143,48.4547143663678857143,48.3932854788644,48.4985713958740285714,48.3030003138950857143,Latin America & Caribbean,High income
51.5540008544922,51.0690002441406,50.5589981079102,50.015998840332,49.4329986572266,48.810001373291,48.125,47.6539993286133,48.5730018615723,49.476001739502,50.1419982910156,50.7060012817383,50.8940010070801,51.2039985656738,51.4599990844727,51.9809989929199,52.4029998779297,Latin America & Caribbean,Low income
42.6641990661621,42.93759994506834,42.05380020141602,42.99879989624022,43.3047996520996,43.82119979858398,45.7926010131836,45.86280059814454,46.0877998352051,45.77119979858398,45.16900024414062,45.61600036621094,47.6118003845215,47.1666000366211,47.42960052490236,47.1678009033203,47.53559951782226,Latin America & Caribbean,Lower middle income
39.5493330425686277778,41.1206667158338722222,41.1523895263671833333,41.2292775048149888889,41.8897226121690555556,42.8105555640326611111,43.51938904656305,44.5838336944580111111,44.7089445326063444444,44.8192770216200111111,44.5202776590983111111,44.7442220052083388889,45.2844445970323388889,45.4262777964274166667,45.8158331976996722222,45.9408329857720333333,45.8267779880099833333,Latin America & Caribbean,Upper middle income
31.1518744230270375,30.20475018024445,30.669500112533575,31.1997497081756375,31.7932502031326125,32.5076248645782375,33.3688753843307375,34.37187457084655,34.7060003280639625,35.2868747711181625,36.2143744230270375,36.4636251926422125,36.704374670982375,37.4275002479553125,37.6973741054535,37.8531248569488625,37.741375207900975,Middle East & North Africa,High income
18.5565711430140814286,18.2290000915527257143,17.8401430674961614286,18.6035712105887285714,18.8222859246390142857,18.9295711517333857143,18.9238568714686857143,19.4119997024536285714,19.4865714481898571429,19.1308570589338142857,18.4275712966919,17.9789998190743614286,18.0171429770333428571,18.17528574807301,18.3358573913574257143,18.7380000523158414286,19.09799998147146,Middle East & North Africa,Lower middle income
11.7631669044494616667,12.0003331502278716667,12.31366642316183,12.280833482742315,13.0018333594004266667,13.672333240509035,13.957499821980775,14.3240001996358166667,14.2811667124430333333,14.6233331362406333333,14.6058333714803,14.6869999567667666667,15.0263334910075,15.0564999580383166667,14.9573335647583,14.9528331756591666667,14.9731666247050166667,Middle East & North Africa,Upper middle income
55.6829986572266,55.5305004119873,55.5634994506836,55.9610004425049,56.0364990234375,56.09999847412105,56.6000003814697,57.07749938964845,57.00950050354005,55.5774993896484,54.9979991912842,54.753999710083,54.82150077819825,54.9360008239746,54.95050048828125,55.1319999694824,55.07049942016605,North America,High income
47.37549877166745,46.71649980545045,47.1304988861084,46.1124982833862,46.5114984512329,46.17549848556515,46.0279998779297,45.89249897003175,46.1724991798401,46.32500171661375,46.2340006828308,46.1784982681274,46.68849849700925,46.64650106430055,47.06750106811525,47.10800170898435,47.12900161743165,South Asia,Low income
36.6968000411987,36.9453998565674,37.18520069122316,37.56239986419678,37.81420001983642,37.98479957580568,38.46920051574706,37.8806007385254,37.45460014343262,37.04399986267092,36.31699981689454,35.86559982299806,36.0599998474121,34.9034004211426,34.4284004211426,34.62279968261718,34.79660034179688,South Asia,Lower middle income
36.4370002746582,39.2939987182617,40.0040016174316,42.7589988708496,45.5750007629395,45.0509986877441,40.5369987487793,52.3269996643066,51.984001159668,50.6660003662109,48.0849990844727,54.9420013427734,55.1790008544922,55.3440017700195,53.0509986877441,54.3479995727539,55.0839996337891,South Asia,Upper middle income
60.8683458474966269231,61.0420764042780923077,61.5419615232027461538,61.8545001836923538462,61.9698456250704346154,62.0718074945303076923,62.2465768960806038462,62.3935005481426615385,62.7766538033118692308,62.9043843929584230769,63.1331536953265807692,63.0573461239154461538,62.9738080684955307692,63.3198076394888115385,63.3524230810312153846,63.3871536988478538462,63.3890386728140115385,Sub-Saharan Africa,Low income
43.9263076782226615385,43.3856158623328615385,43.9823075808011538462,44.2630001948429923077,43.8684614621675846154,43.3707692072941769231,44.4121536841759384615,44.5399224207951615385,44.8900771507850076923,44.8165381504939153846,45.2552309769850615385,45.5678455646221384615,46.2032304910513076923,46.4513849111703846154,46.6712307563194923077,46.6442306225116384615,46.6173067826491153846,Sub-Saharan Africa,Lower middle income
47.7091424124581428571,46.3812855311802714286,47.1890002659389,46.9841423034668,46.8298568725586142857,47.1104273114885571429,47.8011431012834857143,47.2151429312569857143,46.0305715288435,45.8078575134277428571,45.4432855333600857143,45.0905704498290857143,44.8179994310651571429,45.4177148001534714286,45.9807142530169,46.3781435830252714286,46.5607141767229285714,Sub-Saharan Africa,Upper middle income
