42.1067272533069818182,42.1168186881325454545,40.9882731004194727273,40.2460911490700454545,41.3338179154829545455,41.2737279371781909091,41.1134542985396,42.3192731683904545455,41.6805447665127909091,40.1480000235817818182,40.4307271784002,39.3224546259099909091,38.6497275612571181818,38.6740909923206636364,38.6355452104048363636,39.0959092920476909091,39.3003640608354,East Asia & Pacific,High income
70.6660003662109,70.3099975585938,69.9349975585938,69.6179962158203,68.8470001220703,68.3160018920898,67.6029968261719,66.6699981689453,66.129997253418,66.0879974365234,64.9209976196289,63.9059982299805,63.4329986572266,62.8819999694824,62.4329986572266,62.4220008850098,62.3839988708496,East Asia & Pacific,Low income
52.0320767622727692308,51.6438454848069538462,50.7193075326772923077,50.9216148669903076923,50.6393846365121692308,49.8566919473501307692,49.5980766002948538462,48.4397697448730384615,48.0975387279804,47.6191542698786769231,46.6866154303917538462,46.6443846775935230769,46.6373850015493538462,46.0336919931265076923,45.8230774219219615385,45.8565390660212384615,46.0545379932110230769,East Asia & Pacific,Lower middle income
53.579750061035175,53.464249610900875,52.2469997406006,51.084249496459975,51.634750366210925,50.7277488708496,49.6227502822876,48.57899951934815,48.08774948120115,47.5009994506836,47.182250022888175,47.66925048828125,47.4844989776611,46.93024921417235,46.402250289917,46.534499168395975,46.444748878479025,East Asia & Pacific,Upper middle income
44.0378963865082793103,42.9889651331408241379,42.1807587722252275862,41.3133105573983137931,40.7054482821760551724,41.1608274394068172414,42.2809657392830793103,43.2127933502197206897,42.7709998426766275862,38.1352414755985724138,36.2980691975560758621,36.0342414461333206897,35.3046552066145310345,34.8755176149565655172,35.7820346437651482759,36.7389999915813517241,37.4716206912336724138,Europe & Central Asia,High income
37.6206661860148,37.1938330332438166667,36.6163336435953833333,36.1204996109008833333,36.4694999059041166667,36.9418328603108833333,37.605499903361,37.7326669692993,38.2133340835571333333,37.1913324991862,37.89266713460285,38.09716765085855,37.9150002797444833333,38.5929991404215333333,38.37283356984455,38.3373339970906833333,38.3951660792033,Europe & Central Asia,Lower middle income
35.6302859442574642857,34.2353570120675214286,33.7145001547677214286,33.3823569842747285714,32.5674997738429428571,32.5773570196969214286,32.21507120132445,32.5791428429739785714,33.8004283905029214286,32.5198575428554,31.1829289027622857143,31.6355713435581785714,31.5867146764482642857,31.2565712928771928571,31.1157144137791428571,31.290214470454625,31.4800717490059928571,Europe & Central Asia,Upper middle income
44.8645717075892857143,44.0329998561314285714,43.2238567897251714286,41.9131431579589714286,43.3498573303222714286,44.5072855268205857143,44.7824276515415571429,45.0314276559012285714,44.8429998670305571429,41.9482852390834285714,41.621429170881,42.2701424189976285714,40.8278563363211714286,41.2565721784319285714,40.9010001591273714286,40.7797143118722142857,40.5795715876987857143,Latin America & Caribbean,High income
31.1770000457764,30.6790008544922,30.1620006561279,29.57200050354,28.8470001220703,27.9680004119873,26.8939990997314,25.9680004119873,26.6650009155273,27.2609996795654,27.7919998168945,28.0349998474121,27.8269996643066,27.7870006561279,27.7129993438721,27.9619998931885,28.0639991760254,Latin America & Caribbean,Low income
64.69879989624024,64.44119873046874,62.3810012817383,62.9561996459961,62.63360061645508,62.08819961547852,62.5471984863281,62.49580078125002,62.58300094604492,61.45940017700194,60.09359970092774,60.89179992675782,62.62399978637696,60.38760147094724,59.5564002990723,59.84939956665038,59.88680038452146,Latin America & Caribbean,Lower middle income
50.5142781999376166667,50.7919442918565444444,49.8059442308213944444,48.7578888999091333333,49.1657216813829222222,49.7522776921590111111,50.2645554012722444444,50.8187224070231111111,50.1438337961832611111,48.9588892194959777778,48.2453888787163666667,47.9419443342420777778,47.9285560184055111111,47.2727222442626944444,47.0863886939154666667,47.1259445614284888889,46.6795553631252722222,Latin America & Caribbean,Upper middle income
46.6779992580413875,46.136374235153225,45.0210001468658625,45.45462465286255,44.6638755798339625,45.311749458312975,45.1836252212524375,46.19825077056885,46.5161252021789625,46.243624687194825,47.203124761581425,46.62637543678285,45.8186249732971125,45.8136246204376125,45.121249198913575,45.201000452041625,44.8151254653930625,Middle East & North Africa,High income
42.5397148132324285714,41.7147140502929571429,38.7988570077078571429,40.2317139761788714286,39.9422860826764714286,40.1251430511474714286,39.0694288526262714286,39.2485716683524,38.6851425170898571429,38.3599997929164428571,38.6020001002720428571,36.9058573586600428571,37.0345715114048571429,36.8042858668736142857,35.8801427568708285714,35.7301431383405428571,36.0565716879708428571,Middle East & North Africa,Lower middle income
34.8903325398763,34.7814998626709,34.3886667887369833333,32.7423330942789833333,34.1763334274292,35.34950002034505,35.3883330027262666667,34.7816664377848166667,35.04966672261555,35.12066713968915,34.17516644795735,33.9791660308837833333,32.7044995625814,33.1514997482299666667,33.17899990081785,32.6151663462320833333,32.3098335266113166667,Middle East & North Africa,Upper middle income
57.73150062561035,56.1604995727539,55.17849922180175,54.4384994506836,54.3334999084473,53.76600074768065,55.0694999694824,54.9545001983643,53.91550064086915,48.48300170898435,47.2485008239746,48.0890007019043,47.91399955749515,48.5034999847412,49.47999954223635,50.24549865722655,50.42949867248535,North America,High income
74.377498626709,72.6334991455078,73.6370010375977,67.3444995880127,67.871000289917,66.57550048828125,66.1579990386963,65.71249961853025,66.14949798583985,66.082498550415,65.5074996948242,64.88750076293945,65.5265007019043,64.64299964904785,64.7455005645752,64.6880016326904,64.5364990234375,South Asia,Low income
56.51999969482422,56.35,55.80999984741212,56.05840072631834,55.846199798584,55.77039947509764,55.41940002441404,54.24399948120118,52.85499954223632,50.74400024414062,49.53419952392578,48.10119934082032,45.87519989013672,45.53340110778808,44.73400077819824,44.55579948425292,44.45499954223632,South Asia,Lower middle income
45.8400001525879,48.6360015869141,47.1730003356934,49.4869995117188,51.742000579834,51.3600006103516,49.8429985046387,57.1619987487793,55.6599998474121,51.0060005187988,42.1710014343262,58.3230018615723,58.2400016784668,57.9389991760254,53.6910018920898,55.3660011291504,56.0859985351563,South Asia,Upper middle income
56.8408848689152653846,56.7316535069392192308,56.9895764864408038462,57.1982305966890730769,57.2872310051551192308,57.1838079599233807692,56.7494618342472923077,56.4351924015925576923,56.4151923839862538462,56.4138077955979576923,56.1659231919508807692,56.3192305931678192308,56.5186927501971961538,56.7392303760235192308,56.2840385437011730769,56.1820380871112576923,56.1070002042330192308,Sub-Saharan Africa,Low income
43.3923847491924615385,42.9850771977351230769,42.9810766073373461538,42.4832305908203307692,42.1038463299090923077,41.2968460963322461538,41.0485382080078153846,41.0483848865215692308,40.6739996396578384615,40.8555388817420461538,41.3593848301814230769,41.2993844839242769231,42.2193841200608461538,42.1494620396540692308,41.9757690429687538462,41.8060769301194384615,41.6583077357365615385,Sub-Saharan Africa,Lower middle income
41.6128578186035142857,39.6104286738804571429,40.3374287741524714286,38.8175710950579,38.7045711789812142857,38.9134284428188,39.5725716182163857143,38.5478574207850857143,38.8244286945888,38.1041430064610142857,37.5731434140886714286,37.3605714525495285714,36.8607149124145285714,36.8964287894112571429,36.5977149690900428571,36.6141425541469,36.6275715146746,Sub-Saharan Africa,Upper middle income
