46.6410910866477181818,46.1967270591042181818,44.8080905567516090909,44.569636258212,44.5412722500887818182,45.7405459664084636364,45.7259086262096181818,45.7886359474875818182,45.0225455544211545455,43.8958180167458272727,43.9399079409512727273,43.6550001664595272727,43.3420904332941272727,43.4953630620783,43.3709090839732818182,43.538818359375,43.6548181013627454545,East Asia & Pacific,High income
81.2089996337891,80.9229965209961,80.427001953125,79.9570007324219,78.9889984130859,78.3529968261719,77.4729995727539,76.4509963989258,75.9520034790039,75.8970031738281,74.5979995727539,73.4449996948242,72.870002746582,72.1809997558594,71.625,71.4940032958984,71.3369979858398,East Asia & Pacific,Low income
51.1066156534048153846,51.1573069645808230769,50.4161533942589461538,49.9149227142334076923,49.1870764218844,48.4729235722468615385,47.7829996255728,47.0069227952223615385,45.8149229929997307692,45.6486158370971769231,45.4393070661104615385,45.2829236984253,45.1236919256357,44.0667695265549769231,43.8123841652503307692,43.8406154926006538462,43.8400768866905846154,East Asia & Pacific,Lower middle income
47.158000469207775,46.08275032043455,44.9350004196167,43.822000026702875,43.20699977874755,42.66075038909915,40.800499916076675,40.691999435424825,40.052999496459975,39.677999496459975,38.7197504043579,38.928750038146975,38.6047501564026,37.9762501716614,37.827000617980975,37.869500160217275,37.860499382019025,East Asia & Pacific,Upper middle income
44.9165863168650724138,44.049413812571562069,43.2594133574387137931,42.7957583460314482759,42.3644828796386724138,42.586724379967,43.1138960739661896552,43.0090691796664551724,43.4383449554443413793,42.4806893447349862069,41.1890691559890241379,40.6541034435403689655,40.8704481453731241379,40.8979655298693482759,41.2419659187053793103,41.3994827928214241379,41.3988619179561275862,Europe & Central Asia,High income
37.1533336639404166667,36.37966696421305,36.0950002670288,34.2305005391438833333,33.7521664301554166667,33.17900053660075,32.8463331858317,32.3798332214355666667,32.5548334121704,32.2538334528605333333,31.9018325805664,32.86349964141845,31.4999993642171166667,32.1001663208007833333,32.18366718292235,32.2966674168904666667,32.3533328374227,Europe & Central Asia,Lower middle income
34.7018572943551357143,34.56757150377545,33.7204998561314071429,33.0701428822108714286,32.0950711114066,31.78799983433315,31.8147142955235142857,31.3762144361223571429,30.9783571788243,30.4684998648507357143,30.2732857295445,29.0818571363176714286,29.5870712825230142857,29.03542845589775,28.5049289975847642857,28.59264292035785,28.6090711866106214286,Europe & Central Asia,Upper middle income
41.5349998474121,41.6174280984061285714,41.1074289594377857143,41.2401428222656285714,41.2588574545724,41.7592857905796714286,41.4988569532121857143,40.7931434086390857143,40.7068571363176571429,40.0504283905029285714,40.0062858036586428571,40.7801431928362285714,39.9887142181396428571,40.0211429595947142857,39.8914290836879285714,39.9871422903878428571,40.0525717054094571429,Latin America & Caribbean,High income
30.4990005493164,30.9120006561279,31.4009990692139,31.9260005950928,32.4269981384277,32.867000579834,33.0200004577637,33.0340003967285,33.0340003967285,32.9729995727539,33.1110000610352,33.0989990234375,33.0820007324219,33.0690002441406,33.0690002441406,33.0940017700195,33.1199989318848,Latin America & Caribbean,Low income
35.43740005493164,34.78640022277832,34.1826000213623,35.06380004882812,35.17360038757324,35.19119911193846,36.7378002166748,35.9469997406006,36.01179962158204,35.53960037231444,35.27460021972656,35.08099975585938,36.19240036010744,34.98740043640136,35.20560073852538,35.26899909973148,35.34279937744142,Latin America & Caribbean,Lower middle income
38.2691664165920666667,38.9636665980021111111,39.0821110937330444444,38.8810558848910888889,38.6580555174085888889,38.6380001703898166667,38.1416667832268444444,38.4852775997585777778,38.3283331129286,38.0355558395385833333,37.1322223875257833333,36.9607220755683166667,37.4066112306382944444,37.1367778778076166667,37.2757780287000888889,37.3508329391479611111,37.4505551656087277778,Latin America & Caribbean,Upper middle income
30.54612523317336,30.9556251764297525,30.618375122547165,31.05662477016449,30.575249910354625,31.09949970245360375,31.0083745718002325,31.27887499332428,31.07037526369094375,30.941124498844145,31.19574964046477375,30.83850026130676625,30.91899967193602625,31.000249981880175,31.0793750286102225,31.23425042629241875,31.24999976158140875,Middle East & North Africa,High income
22.5047140802655942857,21.8242859159197242857,21.8219995498657285714,21.8479998452322928571,21.7072854723249128571,21.0814288003104214286,20.4352861131940514286,20.0661427634103142857,20.1680000850132657143,19.6012856619698671429,19.1154287883213628571,19.0038574763706757143,19.0578571047101642857,19.0920004163469742857,19.0015715190342642857,19.0841429574148828571,19.1828571047101557143,Middle East & North Africa,Lower middle income
13.3070000012715616667,13.4903335571289266667,13.5781668027241966667,13.772666931152335,13.7854998906453433333,14.0968330701192166667,13.9666666984558083333,14.0078333218892416667,13.5636666615803983333,13.6810000737508033333,13.7134998639424733333,13.37900002797443,13.5743331909179783333,13.37850014368692,13.2653334935506116667,13.324666659037275,13.381166458129895,Middle East & North Africa,Upper middle income
61.35249900817875,60.83099937438965,61.1949977874756,60.8680019378662,60.3689994812012,60.3124980926514,60.3595008850098,60.17449951171875,60.04599952697755,58.3294982910156,56.94350051879885,56.51849937438965,56.1805000305176,56.4775009155273,57.14249992370605,57.4305019378662,57.5265007019043,North America,High income
47.13150024414065,47.01049900054935,46.90849924087525,46.8040018081665,46.6825008392334,46.5415000915527,46.13700103759765,45.75000095367435,45.40199899673465,45.3360013961792,45.3519992828369,45.51899814605715,45.7545003890991,46.039999961853,46.35199928283695,46.4265003204346,46.51299953460695,South Asia,Low income
32.41740016937256,33.38899974822998,34.43520011901856,34.99539985656738,35.1463996887207,34.39699935913086,34.8598003387451,33.43180007934572,32.37299995422362,31.52140007019044,29.42600059509276,27.89379959106446,26.69580001831054,26.30299949645996,25.27280006408694,25.27859992980956,25.28299980163574,South Asia,Lower middle income
30.1399993896484,32.6679992675781,35.390998840332,38.2569999694824,41.1990013122559,44.1710014343262,47.1720008850098,47.3930015563965,47.6150016784668,47.8269996643066,48.0190010070801,48.3680000305176,48.693000793457,48.9819984436035,49.2130012512207,49.3810005187988,49.4809989929199,South Asia,Upper middle income
57.0272310697115423077,57.2873072991004423077,57.5013456344604615385,57.5454616546630884615,57.7159616763775192308,57.6199620320246730769,57.5958843964796807692,57.5416922936072769231,57.6115769606370230769,57.5934231831477269231,57.5347308378953192308,57.32011538285475,57.0287305391751807692,57.2617315879235,57.0767696087176961538,57.0217698170588615385,56.9678074763371461538,Sub-Saharan Africa,Low income
40.1339998978835076923,39.7288463299091076923,39.3149232130784384615,38.9043843195988538462,38.5157687847430769231,38.0880003709059538462,37.4788458897517307692,37.2706149174616923077,37.0850766988901,37.2403077345627846154,37.4093077732966538462,37.5885386833777769231,37.7469231532170230769,37.8589998391958538462,37.7653843806340153846,37.7681538508488538462,37.7719230651855538462,Sub-Saharan Africa,Lower middle income
39.5235715593610428571,39.5982854025704571429,39.7522852761404857143,39.6130003247942428571,39.4479999542236428571,39.6257141658238,39.8798571995326285714,39.4885714394705714286,39.2414283752441428571,38.3278571537562714286,37.9035716738019571429,37.4981429236275857143,37.1439997809273857143,37.1665713446481,37.2491425105503857143,37.365857396807,37.4402858189174142857,Sub-Saharan Africa,Upper middle income
