SL.AGR.EMPL.FE.ZS
0.949999988079071
0.930000007152557
0.920000016689301
0.899999976158142
0.839999973773956
0.829999983310699
0.810000002384186
0.720000028610229
0.759999990463257
0.75
0.819999992847443
0.850000023841858
0.839999973773956
0.769999980926514
0.800000011920929
0.860000014305115
0.879999995231628
SL.IND.EMPL.FE.ZS
12.0699996948242
11.2399997711182
10.3599996566772
10.0900001525879
9.84000015258789
9.56999969482422
9.43000030517578
9.38000011444092
8.9399995803833
8.03999996185303
7.80999994277954
8.10000038146973
8.15999984741211
8.17000007629395
8.31999969482422
8.30000019073486
8.18000030517578
SL.SRV.EMPL.FE.ZS
86.9800033569336
87.8300018310547
88.7200012207031
89.0100021362305
89.3199996948242
89.6100006103516
89.7600021362305
89.8899993896484
90.3000030517578
91.2200012207031
91.370002746582
91.0500030517578
91
91.0599975585938
90.870002746582
90.8399963378906
90.9499969482422
