51.2970001914284363636,50.7136365717107545455,49.2862723957408545455,48.6855447942560363636,48.6532721085981909091,48.6970911892977818182,48.9196359461004,49.5355456959117545455,48.6802721890536272727,47.7197269092906545455,47.4699088009921,47.0842725580388818182,46.8692727522416636364,46.6807273517955363636,46.6821819652210636364,46.9095453782515181818,47.0976364829323727273,East Asia & Pacific,High income
80.8420028686523,80.4800033569336,80.0169982910156,79.6620025634766,78.7839965820313,78.197998046875,77.3190002441406,76.25,75.6869964599609,75.5879974365234,74.2590026855469,73.1139984130859,72.5780029296875,71.9459991455078,71.4449996948242,71.427001953125,71.3730010986328,East Asia & Pacific,Low income
58.9677690359262307692,58.8080001244178153846,58.1989238445575461538,58.1063068096454384615,57.5753834064190153846,56.6257702754094,55.8828465388371538462,55.0129230205829307692,53.9631541325495692308,53.4977689889761153846,52.8429990915151769231,52.7433074070857153846,52.5482312715970615385,52.0859997089092538462,51.7713072850154,51.8313843653752307692,51.8797696920541615385,East Asia & Pacific,Lower middle income
59.641499519348175,59.4087505340576,58.1607494354248,56.946250915527325,56.425000190734875,55.408249855041525,54.58224868774415,53.8824996948242,53.75800037384035,53.2467498779297,52.641750335693375,52.927499771118175,52.906750679016125,52.3735008239746,52.025749206542975,52.000749588012675,51.916000366210925,East Asia & Pacific,Upper middle income
52.0180693001582758621,50.7844136994460586207,49.9887241495066724138,49.3883449949067206897,48.9445171356201241379,48.9499997106091793103,49.3007932860275758621,49.5160690176075896552,49.4142069981016,47.8660343433248586207,46.2632760672733724138,45.9029998779296965517,45.7588273410139517241,45.3402067381760172414,45.6557584959885172414,45.8369652320598793103,45.8400000210466068966,Europe & Central Asia,High income
47.1981671651204666667,46.63733355204265,46.4756673177083333333,45.3255001703898166667,45.2643324534098333333,45.5738331476847333333,46.3791659673054833333,46.18816725413005,46.4019997914632333333,46.5061664581298833333,47.1906671524047833333,47.3018334706624166667,46.5951665242513166667,46.9088338216145833333,47.04583326975505,47.1689996719360333333,47.2393334706624,Europe & Central Asia,Lower middle income
47.3779285975865,46.7289287022182,45.5152863093784928571,44.6391427176339285714,43.9676429203578571429,43.5055708203996928571,43.3633572714669357143,43.0080002376011357143,43.8289288112095428571,42.8364282335553785714,41.9934998920985642857,42.3090004239763571429,42.8512851170131214286,42.0604283469063928571,41.8047860009329785714,41.8599286760602785714,41.8457860946655357143,Europe & Central Asia,Upper middle income
55.7730009896414571429,55.4558568681989571429,54.8872855050223142857,54.1815714154924714286,54.7722854614257857143,55.0185710362025714286,54.2597138541085428571,54.3010003226144,53.4287136622837428571,52.3789999825613714286,52.0352856772286571429,52.4738576071603,51.5211426871163571429,50.9951428004673571429,50.9258572714669428571,50.9884283883231142857,51.0307132175990571429,Latin America & Caribbean,High income
37.3689994812012,37.7039985656738,38.1230010986328,38.564998626709,38.9519996643066,39.2480010986328,39.3819999694824,39.3870010375977,39.4469985961914,39.3810005187988,39.681999206543,39.576000213623,39.4539985656738,39.3199996948242,39.1870002746582,39.109001159668,39.0779991149902,Latin America & Caribbean,Low income
70.38520126342774,69.5251983642578,68.38919906616212,68.76460037231444,68.1058006286621,67.3787986755371,67.41739807128906,67.21479873657228,66.93919982910156,66.4742012023926,65.83740005493164,65.78140106201172,67.24719924926758,65.09400024414064,64.8498001098633,64.88840026855472,64.95540008544924,Latin America & Caribbean,Lower middle income
62.9196111891004777778,62.5526101854112555556,61.8766110738118555556,60.9973337385389555556,60.8447778489854666667,60.5037776099310944444,60.2060557471381333333,59.7325002882215722222,59.4718331231011333333,58.8000000847710611111,58.0418334537082277778,57.4681669871012555556,57.3845549689398888889,56.7028889126247833333,56.3802218967013833333,56.3891107771131722222,56.4374997880723722222,Latin America & Caribbean,Upper middle income
53.4489998817443875,54.004625082016,52.479750394821175,52.720499277114875,52.4848747253417875,52.6343746185302875,52.4051251411437875,52.8213753700256375,53.0100011825561625,53.0804998874664375,54.07975029945375,53.4987497329712125,52.484375,52.59612464904785,51.90587520599365,51.98312520980835,51.6506245136261,Middle East & North Africa,High income
52.7222856794084857143,53.0657146998814285714,51.3650000435965571429,51.0555714198521142857,51.1477143423898,51.0602858407156714286,49.4248570033482142857,49.4019993373325857143,49.4977144513811428571,48.4682862418038428571,48.2524283272879428571,48.6475715637207,49.3715711321149428571,49.369142804827,49.3382851736886142857,49.2874287196568142857,49.2991431100028,Middle East & North Africa,Lower middle income
50.2424996693929,50.1180000305175833333,49.5958334604899166667,49.3966662089030166667,49.1613330841064666667,49.1283334096272833333,48.2728335062662833333,47.5838324228922666667,46.7958329518636166667,46.6721674601237,45.853333791097,45.4513333638509166667,44.85683250427245,44.9453322092692,44.8725001017252666667,44.7971668243408333333,44.7538331349690833333,Middle East & North Africa,Upper middle income
65.37049865722655,64.4589977264404,64.28300094604495,63.6140003204346,63.05149841308595,62.0255012512207,62.54299926757815,62.3435001373291,62.34449768066405,59.8914985656738,58.2324981689453,58.05950164794925,57.57600021362305,57.8090000152588,58.02750015258785,58.39050102233885,58.52849769592285,North America,High income
76.8499984741211,76.59900283813475,76.3015022277832,75.9485015869141,75.54150009155275,75.08550262451175,74.614501953125,74.12749862670895,73.6135025024414,73.46049880981445,73.2939987182617,73.20899963378905,73.1199989318848,73.0435028076172,73.0009994506836,72.9849967956543,72.99599838256835,South Asia,Low income
63.47679977416992,63.29480056762694,63.10719985961914,62.88100051879882,62.55699996948242,62.50140075683596,61.6680000305176,60.02060012817384,58.41059951782228,56.82139892578124,54.814599609375,53.27279968261722,51.02560005187988,51.00359954833986,50.06260070800784,49.9832004547119,49.90180130004884,South Asia,Lower middle income
47.7200012207031,49.4370002746582,51.3139991760254,53.25,55.1500015258789,56.9889984130859,58.898998260498,58.9090003967285,58.9080009460449,58.8940010070801,58.8709983825684,59.2229995727539,59.5699996948242,59.8639984130859,60.0429992675781,60.2179985046387,60.3030014038086,South Asia,Upper middle income
63.8819612356332730769,63.8326923663799538462,63.8994613060584538462,63.9046536959134615385,64.0598850250244192308,64.0416157062237115385,63.7886538872351961538,63.4858851799598153846,63.2933849921593307692,63.2794233468862653846,63.2216924520639307692,63.0266148493840115385,63.02407675523025,63.2157314007099038462,62.9313074258657692308,62.8928080338698192308,62.8643464308518692308,Sub-Saharan Africa,Low income
53.9088457547701384615,53.3926156850961615385,52.8425389803372923077,52.2821549635667,51.7494615408090384615,51.3091545104980538462,50.6178459754357,50.3172308114858846154,50.0258457477276153846,50.1674613952636769231,50.2353847210223846154,50.4649995657114,50.6479999835674615385,50.6298461327186076923,50.3531541090745153846,50.3233853853665846154,50.3028464684119615385,Sub-Saharan Africa,Lower middle income
52.8207141331264,52.5948568071638,52.3492853982108142857,51.7187143053327285714,51.1571429116385285714,50.9771431514195285714,50.7102860042027,50.6048570360456142857,50.3639997754778142857,49.3542856488909142857,48.5691430228097285714,48.0484283992222428571,47.7779998779297,47.8988571166992285714,47.9145720345633285714,48.0042855398995714286,48.0892854418073571429,Sub-Saharan Africa,Upper middle income
