38.9544545086947454545,38.8355456265536181818,37.5171817432750272727,37.1198185140436363636,37.6942724748091363636,38.7884549227627818182,38.7165457118641454545,39.1833636543967636364,38.4901820096102454545,36.9895459955388727273,37.3362724997780545455,36.6444547826593454545,35.9355454878373636364,36.2645457874644909091,35.9785455356944818182,36.3896364732222181818,36.5199998508800181818,East Asia & Pacific,High income
73.8339996337891,73.6940002441406,73.1510009765625,72.745002746582,71.8740005493164,71.3539962768555,70.3870010375977,69.4530029296875,69.1449966430664,68.9589996337891,67.7939987182617,66.7880020141602,66.2809982299805,65.6470031738281,65.1340026855469,65.0189971923828,64.8789978027344,East Asia & Pacific,Low income
44.8895383981557923077,44.5149236825796307692,43.6832309136023846154,43.4191539470966076923,42.8766925518329384615,42.2771534552941,42.0344613882211384615,41.0794612444364230769,40.5159995739276615385,40.3853842661930923077,40.0103849264291838462,39.8514615572415907692,39.7285388799814246154,38.5918458791879438462,38.4516156269953923077,38.4248462823721046154,38.5420767710759138462,East Asia & Pacific,Lower middle income
42.308249950408925,41.228499889373775,39.878999710083,38.837749958038325,39.277250289917025,38.80625057220455,36.5872492790222,36.117999553680425,35.3002495765686,34.730750083923325,34.0829997062683,34.326749801635725,34.00699949264525,33.147750377655025,33.230000495910675,33.4874997138977,33.48624992370605,East Asia & Pacific,Upper middle income
37.7922417870883241379,37.1937930666167275862,36.6405519288161793103,35.5228274115200689655,35.2018620721225,35.6760689965609827586,36.5709309413515413793,37.2776553055335758621,37.4903788731015931034,35.170172724230537931,33.3454137341729586207,32.7405172545334517241,32.3802415913548965517,32.3461380991442431034,33.218275892323462069,33.9861381136137862069,34.3924482608663551724,Europe & Central Asia,High income
29.2113332748413,28.66383361816405,28.3256664276123,26.83116658528645,26.70400047302245,26.3693335851033333333,26.1921663284301833333,25.9253331820170166667,26.0775000254313333333,25.4946667353312,24.9608332316080666667,25.6773331960042333333,25.0618333816528333333,25.66516717274985,25.1593329111735,25.0903331438700333333,25.1990000406901166667,Europe & Central Asia,Lower middle income
25.9989285469055157143,25.8287855557032992857,25.0834997040884785714,24.320142814091275,23.6418574196951735714,23.5668572017124857143,23.4847145761762342857,23.6680711337498307143,23.9349996703011642857,22.9141427448817714286,22.6707855633326957143,21.8321428980146021429,22.1338570799146464286,21.7612857137407557143,21.54014263834272,21.4761427130018028571,21.596428496497005,Europe & Central Asia,Upper middle income
31.0637144361223571429,30.6625712258475142857,29.6937141418457,29.1442857469831285714,30.1884286063058142857,31.0171427045549571429,31.8705711364746142857,32.0798568725585714286,32.2044285365513285714,30.3514287131173571429,30.3161427634103,30.8929997852870428571,30.4322863987513857143,29.9667145865304,29.1979998179844285714,29.7219997133527428571,29.5592858450753428571,Latin America & Caribbean,High income
23.3840007781982,22.7590007781982,22.0869998931885,21.3379993438721,20.4759998321533,19.4899997711182,18.2759990692139,17.306999206543,18.0599994659424,18.7740001678467,19.2320003509521,19.6030006408691,19.4589996337891,19.488000869751,19.5610008239746,19.8939990997314,20.0139999389648,Latin America & Caribbean,Low income
31.67040023803712,31.61679954528808,29.96399955749512,31.12700004577634,31.33999977111816,31.70039978027346,33.43459968566894,32.62479972839354,32.63200035095216,31.65279960632322,30.47439994812012,30.82160034179688,32.70839996337892,31.62200012207034,30.99300003051758,30.61079940795898,31.0020004272461,Latin America & Caribbean,Lower middle income
26.9231111738416955556,28.374444378746885,27.9487223360273477778,27.3481109407212944444,27.2662777370876722222,27.8790557649400444444,28.0658885637919055556,29.1436113251580111111,29.0584440761142294444,28.3532222112019833333,27.3794444931878,27.2756668196784166667,27.6969444486830055556,27.1217777993943888889,27.4480555322435222222,27.3377223544650611111,27.7047780884636888889,Latin America & Caribbean,Upper middle income
24.73649984598161,22.67887496948241125,22.57075029611587375,22.7742503583431175,23.22687500715257,24.0282498896121925,24.32050013542174875,25.3492501378059375,25.23599982261657375,25.0426250398158975,25.29875007271766875,24.6650000810623225,24.6232499480247475,24.92675024271012375,24.92550042271613625,25.08049979805945625,24.9226248562335975,Middle East & North Africa,High income
16.6060000147138171429,15.5688568523952,15.6074282441820171429,16.04785721642631,15.6045712062290528571,14.9081424985613328571,14.4831431252615857143,14.3985712187630785714,14.2788571630205442857,13.7255715642656714286,12.7660000664847171429,11.8575713293892885714,11.6880001681191542857,11.9117146560123942857,12.0235714912414471429,12.5021426677703928571,12.6255713871547028571,Middle East & North Africa,Lower middle income
6.84183335304261,7.0860000054041533333,7.0893333752950033333,6.7368334482113503333,7.3728334456682116667,7.6445000569025816667,7.8446665207544966667,7.7276666959126883333,7.5140000581741316667,7.6496666272481333333,7.4124999841054333333,7.419999957084665,7.2920000553131083333,7.2055000861485766667,7.0738333066304583333,6.9635001023610416667,6.8776667118072533333,Middle East & North Africa,Upper middle income
55.1490001678467,54.57399940490725,54.21150016784665,53.7944984436035,53.49600028991695,54.05150032043455,54.32150077819825,54.34649848937985,53.743501663208,50.53499984741215,49.01100158691405,48.742000579834,48.5535011291504,49.14899826049805,50.2889995574951,51.1919994354248,51.29199981689455,North America,High income
45.8679995536804,44.9144983291626,45.3800015449524,43.4025015830994,43.66150093078615,43.04800081253055,42.7075004577637,42.37099838256835,42.49349880218505,42.6275014877319,42.2859983444214,42.17499828338625,42.677499294281,42.5150008201599,42.8495001792908,42.903000831604,42.9674997329712,South Asia,Low income
27.993999576568612,28.820399856567394,29.5955997467041,30.48160037994384,30.29139976501466,29.30999965667726,30.39160003662108,29.13379936218264,28.0794002532959,26.76160011291502,25.61780090332032,24.0978000640869,23.46699981689454,22.63559951782226,21.58059997558594,21.54479980468752,21.53460006713866,South Asia,Lower middle income
28.613000869751,31.6389999389648,31.818000793457,34.8559989929199,37.9780006408691,37.0279998779297,32.826000213623,45.3380012512207,44.2799987792969,41.8330001831055,37.9850006103516,47.068000793457,47.0369987487793,46.9109992980957,42.0320014953613,43.7480010986328,44.4900016784668,South Asia,Upper middle income
50.0595768415010923077,50.1210006567148153846,50.5633843495295653846,50.7981540606572115385,50.8780768101031961538,50.7641152601975730769,50.5778079032897923077,50.5092693475576615385,50.6965384850135192308,50.6380387086134653846,50.5664616364699153846,50.3646535139817576923,50.2628462864802423077,50.4666536771334076923,50.2211918097275961538,50.1603461412283153846,50.0655767734234192308,Sub-Saharan Africa,Low income
30.0738460834209692308,29.4350770070002615385,29.5802307128906153846,29.3676154063298153846,28.9340766760019076923,28.1377694056584384615,28.5873080033522461538,28.4503845801720384615,28.5266922437227692308,28.1543848331157846154,28.7562307211068923077,28.8147696715134846154,29.5020768825824692308,29.5493847773625307692,29.5983076095581153846,29.4561543097862769231,29.2958458386934615385,Sub-Saharan Africa,Lower middle income
29.8815717697143571429,27.0610001427786428571,27.5949995858328857143,26.6812855856759285714,26.7872856685093428571,26.9928567068917428571,28.1329999651227714286,27.2701429639543714286,27.2127147402082285714,26.6639999662126857143,26.3361428124564071429,25.8864282880510542857,25.4104287283761271429,25.1941423416137857143,25.3308576856340671429,25.5361427579607371429,25.6409992490495914286,Sub-Saharan Africa,Upper middle income
