68.4861817793412727273,68.6563630537553454545,67.9100910533558272727,67.3811822371049454545,68.0812717784534909091,68.0168190002441363636,68.1677277304909545455,68.9008175243030909091,68.6250901655717272727,67.7566361860795363636,67.8964548977938727273,67.3721830194646727273,66.9777259826660181818,66.8802732987837454545,66.7556367353959545455,66.8053623546253636364,66.7003631591796909091,East Asia & Pacific,High income
85.693000793457,85.443000793457,85.1330032348633,84.7720031738281,84.2829971313477,83.911003112793,83.5390014648438,83.1289978027344,82.8679962158203,82.8359985351563,82.4280014038086,82.0329971313477,81.8209991455078,81.609001159668,81.4749984741211,81.5039978027344,81.5179977416992,East Asia & Pacific,Low income
73.3746921832744923077,73.1784621018629846154,72.7508459824782230769,72.7069998521071307692,72.6130767235389153846,72.2504604046161307692,72.2028462336613692308,71.4243081899789615385,71.4367690453162615385,71.3112308795635461538,70.9496926527756923077,70.9508458651029,70.7561539870042230769,70.5759224524864923077,70.4610771766075692308,70.5584619962252076923,70.7110768831693230769,East Asia & Pacific,Lower middle income
76.997749328613275,76.88475036621095,76.269250869751,75.7842483520508,76.114751815795875,75.67350006103515,74.979499816894525,74.4260025024414,73.955749511718775,73.73074913024905,73.60000038146975,73.924749374389675,74.04175186157225,73.873500823974625,73.7817497253418,73.86124992370605,73.81475067138675,East Asia & Pacific,Upper middle income
62.7091377521383310345,62.6385865047060310345,62.5067587227656965517,62.2214829017376206897,62.1438965632997655172,62.4526892037227241379,63.1857932518268413793,63.7976203129209310345,63.6867244325835103448,60.9442412277747862069,59.8934139383250275862,59.8348274230957034483,59.423034667968762069,59.1465863194958931034,59.5736895594103655172,60.0201376553239586207,60.3959653130893103448,Europe & Central Asia,High income
61.5250008900960333333,61.1964988708496166667,60.6058330535888666667,60.0486660003662333333,60.0049997965494833333,60.8218332926432166667,61.0481675465901833333,61.2168331146240166667,61.5303325653076166667,60.2764987945556666667,60.9308312733968,61.6224994659423666667,61.62816683451335,62.2333335876464833333,62.1978333791096833333,62.6101678212483833333,62.88033294677735,Europe & Central Asia,Lower middle income
59.5452861785888714286,58.8256427219936,58.2978570120675285714,58.3257852281842857143,57.8046422685895642857,57.8752144404819928571,57.8343571254185214286,58.4882142203194785714,59.6507854461669928571,58.88385690961565,58.4749995640346142857,58.1572145734514571429,58.5188568660191142857,58.4485004970005571429,59.0522850581577928571,59.2660710471017,59.4614282335553785714,Europe & Central Asia,Upper middle income
67.0824285234723857143,66.9627146039690428571,66.3844266619001142857,65.9494280133928571429,66.6671431405203857143,67.2592849731445428571,68.1272850036621142857,68.3247146606445285714,67.9752851213727714286,66.0334303719656857143,65.5241432189941285714,65.6567148481096571429,65.2488572256905571429,64.9099993024553428571,64.7608560834612142857,64.7515705653599428571,64.5894290379115571429,Latin America & Caribbean,High income
64.125,63.5009994506836,62.882999420166,62.2550010681152,61.5999984741211,60.9099998474121,60.1629981994629,59.6080017089844,60.3660011291504,61.0849990844727,61.640998840332,62.0979995727539,62.2159996032715,62.4500007629395,62.5989990234375,63.0190010070801,63.3709983825684,Latin America & Caribbean,Low income
79.34239959716798,79.17840118408202,77.6729995727539,77.88199920654296,77.81380004882814,78.18780059814452,78.89419860839844,79.16260070800784,79.56099853515624,78.7926010131836,77.82039947509766,78.41639862060544,79.53760070800784,78.65579986572268,78.32800140380858,78.32279968261718,78.3832000732422,Latin America & Caribbean,Lower middle income
71.8809439341227222222,71.8977226681179555556,71.1410558488633833333,71.2564436594645222222,71.7170556386311833333,72.4496116638183666667,72.8867223527696444444,73.4259988996717722222,73.2285001542833166667,72.5194454193115277778,72.1727231343587333333,72.1440563201904444444,72.1459450191921666667,72.0847225189209055556,71.9906669192843888889,71.9552226596408388889,71.6319448682997055556,Latin America & Caribbean,Upper middle income
77.2478742599487375,76.6958737373352375,75.948249816894525,75.93125104904175,75.89337396621705,76.317500114440925,75.86224937438965,76.1197495460510125,76.4972496032715,76.5993762016296625,77.4369997978210625,77.3557496070861875,77.46862411499025,77.8461236953735375,78.1423754692077625,78.5684990882873625,78.2552495002746625,Middle East & North Africa,High income
65.3184280395507857143,64.3390001569475285714,62.6517143249511714286,63.4287131173270142857,63.1757142203194857143,63.3765711103166857143,63.4514274597168,63.8124291556222142857,63.3891432625906714286,63.5919995989118285714,64.1538570949009428571,63.6151422773088857143,63.6034284319196428571,63.6410004752023,63.0648569379534,62.9847145080566571429,63.2729998997279571429,Middle East & North Africa,Lower middle income
61.3421656290690166667,61.4310003916422666667,61.3774992624918666667,60.4405002593994166667,61.7281665802001833333,62.5478331247965333333,62.82933298746745,62.8195012410481833333,63.2470003763834666667,63.5509999593099,63.3431663513183666667,63.5353336334228666667,62.9066664377848166667,63.4918333689371833333,63.63683319091795,63.4355004628499333333,63.4028339385986333333,Middle East & North Africa,Upper middle income
69.2314987182617,68.380500793457,67.8170013427734,67.63100051879885,67.84350204467775,67.9985008239746,68.2400016784668,68.26499938964845,67.6994972229004,64.25550079345705,63.93450164794925,64.29249954223635,64.63300132751465,64.6160011291504,64.77449798583985,64.87949752807615,64.79349899291995,North America,High income
85.74700164794925,84.79999923706055,85.4404983520508,82.09499740600585,82.5014991760254,81.87700271606445,81.71750259399415,81.5374984741211,81.86199951171875,81.81949996948245,81.3940010070801,80.93950271606445,81.20149993896485,80.6105003356934,80.6069984436035,80.5205001831055,80.36349868774415,South Asia,Low income
78.38560028076172,78.1615997314453,77.76600036621096,77.59120025634766,77.23280181884764,77.4457992553711,77.70120086669924,77.47839965820312,77.3447998046875,76.57779846191406,76.48780059814454,76.17420043945314,74.82480163574218,75.67819976806642,75.49340209960938,75.5052001953125,75.53020019531252,South Asia,Lower middle income
69.9020004272461,71.072998046875,69.7509994506836,70.7160034179688,71.7300033569336,71.0839996337891,69.4609985351563,74.5869979858398,73.9720001220703,71.9520034790039,68.0329971313477,76.3399963378906,76.6539993286133,76.8980026245117,75.2399978637695,76.5199966430664,77.3079986572266,South Asia,Upper middle income
75.9295767270601692308,75.8451915154090307692,75.9815775064321692308,76.1022302187406115385,76.0381531348595307692,75.9449611076941846154,75.8660765427809615385,75.7257308959960961538,75.9059228163499269231,75.9496914790226923077,75.9602304605337307692,75.9737695547250615385,76.0006932478684615385,76.1142306694617730769,75.9480769817645730769,75.9534225463867192308,75.9608080937312269231,Sub-Saharan Africa,Low income
65.9180776155911923077,65.7790002089280307692,65.7994616581843461538,65.5678458580604076923,65.3053844158466,64.6908460763784461538,64.8663855332594615385,64.8053841224083538462,64.8305388230543846154,64.9938465998722846154,65.5209233210637153846,65.5960769653320384615,66.3817696204552230769,66.5282308138333923077,66.6916926457331846154,66.6993079552283692308,66.6994617168719923077,Sub-Saharan Africa,Lower middle income
65.1555720738002285714,64.2484288896833,65.1678570338658,64.4639990670340285714,64.4384280613490428571,64.7571432931082571429,65.1062850952148428571,64.7292856488909142857,64.1995713370187,63.8692855834961142857,63.6722864423479285714,63.2110001700265142857,62.9261431012834714286,62.8632866995675285714,62.7080012730189714286,62.8658583504813142857,62.9244297572544714286,Sub-Saharan Africa,Upper middle income
