74.2124550559303909091,73.9498180042613636364,73.2782717618075363636,72.8392736261541181818,72.7940001054243727273,72.5909097844904,72.7777266068892181818,72.9018187089399818182,72.5689086914062545455,72.1766357421875090909,71.9416358254172545455,71.7314550226385,71.5822719227183909091,71.3823640996759545455,71.1746364940296454545,71.0544551502574727273,70.9356370405717363636,East Asia & Pacific,High income
90.4420013427734,90.197998046875,89.8539962768555,89.5009994506836,89,88.6320037841797,88.1849975585938,87.7320022583008,87.4810028076172,87.3949966430664,86.9400024414063,86.5110015869141,86.2779998779297,86.0339965820313,85.8690032958984,85.8759994506836,85.8649978637695,East Asia & Pacific,Low income
78.1916920588566692308,78.1846155019906692308,77.8865379920372538462,77.7451547475961692308,77.4252307598407538462,76.8710004366361384615,76.5449230487530153846,76.1646930988018384615,75.6389230581430384615,75.5733079176682846154,75.2974598224346384615,75.1731540973369846154,75.0448449941781769231,74.8808470505934461538,74.7305377079890384615,74.7781536395733230769,74.8403076758751615385,East Asia & Pacific,Lower middle income
80.323751449584975,80.0535011291504,79.537250518798825,79.020250320434575,78.746500015258775,78.205249786376975,77.666999816894525,77.316749572753925,77.02199935913085,76.886749267578125,76.614498138427725,76.8507480621338,76.989749908447275,76.85350036621095,76.764499664306625,76.7554988861084,76.705497741699225,East Asia & Pacific,Upper middle income
67.9639651857573413793,67.6267935654212689655,67.508172133873262069,67.3820341702165275862,67.3303788283775517241,67.3132756989577689655,67.4271383614375655172,67.5388959687331655172,67.5498620395002689655,67.0047243052515413793,66.5534483810950965517,66.3204485136887172414,66.2835861732219827586,66.0956553755135344828,66.1080340681404793103,65.9943445139917931034,65.8494136415678862069,Europe & Central Asia,High income
69.3643341064453333333,68.76350021362305,68.4730002085367833333,67.5924987792968666667,67.2781658172607333333,67.7574984232584666667,68.0561669667562,67.8508307139078833333,67.9411652882893833333,67.7138322194417333333,68.4701671600342,68.9673334757487,68.6713326772054,68.8891677856445333333,69.2021656036377,69.5538323720296166667,69.8201669057210166667,Europe & Central Asia,Lower middle income
68.08478573390415,67.8237863268171071429,67.0200710296630928571,66.7885709490094928571,66.43992832728795,66.2675707680838357143,66.4527135576520642857,66.7522138868059357143,67.4211420331682428571,67.195070539202,66.9317855834961,66.6177136557442857143,66.9555718558175285714,66.9094998495919428571,67.1121425628662071429,67.1909288678850571429,67.1907146998814142857,Europe & Central Asia,Upper middle income
73.5312870570591428571,73.5744280133928714286,73.2184279305594571429,73.0685713631766142857,73.2562849862235,73.4005720955985,73.6339994158063571429,73.4868567330496571429,73.1532859802246142857,72.9598573957170714286,72.3828577314104428571,72.1407132829938571429,71.7210001264299714286,71.3198569161551285714,71.1337133135114428571,71.0258560180664,70.9172853742327285714,Latin America & Caribbean,High income
68.9349975585938,68.9199981689453,68.9789962768555,69.0950012207031,69.2480010986328,69.4240036010742,69.5849990844727,69.7590026855469,69.9929962158203,70.193000793457,70.5179977416992,70.7050018310547,70.8840026855469,71.0510025024414,71.2099990844727,71.3580017089844,71.5309982299805,Latin America & Caribbean,Low income
83.67120056152346,83.16619873046876,82.58560028076172,82.63020019531248,82.11480102539062,82.20360107421874,82.50099792480468,82.69679870605472,82.8561981201172,82.8136016845703,82.40380096435546,82.28459930419922,83.00140075683592,81.97819976806642,81.92760009765624,82.01339874267578,82.12559967041016,Latin America & Caribbean,Lower middle income
79.6355001661512555556,79.5861663818359444444,79.3743896484375055556,79.0346107482910111111,79.1069441901312888889,79.0574993557400222222,78.9311671786838111111,78.8245001898871611111,78.85027821858725,78.5679444207085611111,78.1797777811686111111,77.9769439697265722222,77.9042239718966888889,77.7535552978515777778,77.6427218119303444444,77.6241662767198388889,77.6121669345431944444,Latin America & Caribbean,Upper middle income
81.0591239929199375,80.76674938201905,80.0957498550414875,80.0172500610351625,80.0672483444214,80.282750129699725,79.770625114440925,79.8046245574951,80.0166254043579,80.4574995040893625,81.2411241531372,81.1548748016357375,81.1270008087158375,81.503125190734875,81.705625534057625,81.9639997482299875,81.6581239700317375,Middle East & North Africa,High income
72.5368576049805,72.7778570992606142857,71.9609974452427428571,71.6715709141322571429,71.6967152186802571429,71.5327137538365142857,71.0945707048688714286,71.1621420724051428571,71.421144757952,70.9777145385742285714,71.0875712803431857143,71.5622852870396142857,71.7095718383789142857,71.7308578491211142857,71.7928564889090428571,71.8458568028041285714,71.9832861764090428571,Middle East & North Africa,Lower middle income
71.8218332926432333333,71.8370018005371166667,71.6113332112630166667,71.544002532959,71.4928321838378833333,71.5124994913737,71.2226664225260333333,71.09616724650065,70.7376670837402333333,70.9376665751139166667,70.7711664835611833333,70.8071657816569,70.5458323160807333333,70.8178342183431,70.9471664428710833333,71.0460014343261666667,71.1510009765625,Middle East & North Africa,Upper middle income
73.16650009155275,72.8409996032715,72.9575004577637,72.8139991760254,72.59499740600585,72.39249801635745,72.2514991760254,72.26449966430665,72.28200149536135,71.33300018310545,70.768497467041,70.35350036621095,70.2434997558594,69.9365005493164,69.52249908447265,69.35200119018555,69.18599700927735,North America,High income
87.1964988708496,87.125,87.04050064086915,86.93700027465825,86.80900192260745,86.64999771118165,86.45500183105465,86.24800109863285,86.0270004272461,85.8924980163574,85.7434997558594,85.6155014038086,85.4860000610352,85.36300277709965,85.2584991455078,85.20750045776365,85.1555023193359,South Asia,Low income
81.72039947509764,81.51159973144534,81.31639862060546,81.20240173339846,80.8355987548828,81.03500061035156,81.05220031738282,80.52839965820312,80.16180114746096,79.74199981689454,79.35160064697268,78.89819946289064,77.52780151367188,78.39019927978516,78.08919830322266,78.1477996826172,78.19759979248046,South Asia,Lower middle income
71.0230026245117,71.5660018920898,72.2040023803711,72.9199981689453,73.7020034790039,74.5419998168945,75.4329986572266,75.572998046875,75.7760009765625,76.036003112793,76.3430023193359,76.8339996337891,77.3600006103516,77.8850021362305,78.3649978637695,78.8290023803711,79.2310028076172,South Asia,Upper middle income
81.1634615384615384615,81.1143076970027153846,81.1184997558593807692,81.1188465998723076923,81.1555765592134923077,81.1338072556715769231,81.0913460071270384615,81.0527687072753961538,81.0826539259690615385,81.1065386258638884615,81.0993074270395192308,81.0014222952035769231,80.8962686978853730769,80.99669177715595,80.9189618917611961538,80.9509230393629846154,80.9781149350679923077,Sub-Saharan Africa,Low income
75.2275384756234923077,74.8846928523137,74.5257697472205538462,74.164307814378,73.8074619586651153846,73.6030766413762076923,73.3380766648512538462,73.2607688903808461538,73.1965393653282846154,73.3919222905085692308,73.5776155911959230769,73.7934623131385307692,73.9885388887845461538,74.1364619915302,74.1613082885742230769,74.3061538109412692308,74.4373086782602153846,Sub-Saharan Africa,Lower middle income
74.9994288853236714286,74.9709984915597285714,74.9185703822544571429,74.6208566938127714286,74.270142691476,74.3491418021065857143,74.1580009460449142857,73.9234297616141142857,73.9225709097726,73.1414282662527714286,72.4432858058384285714,72.0774285452706428571,71.9724284580775714286,72.0951423645019571429,72.1908569335937571429,72.3482862200055571429,72.4801423209054142857,Sub-Saharan Africa,Upper middle income
